CategoryID,ProductID
51,20
51,21
51,26
51,29
51,31
51,33
51,59
81,60
81,62
32,90
32,91
32,92
32,93
32,94
32,95
32,96
32,97
32,98
32,99
32,100
32,101
32,102
32,103
32,104
32,105
32,106
32,107
32,108
32,109
32,110
32,111
32,113
32,112
32,114
32,115
32,116
51,117
51,118
53,119
53,120
91,119
91,120
93,36
93,37
93,38
94,121
102,159
102,160
102,161
102,162
103,249
103,251
103,254
95,350
95,351
95,352
95,353
95,354
95,355
95,356
95,357
95,358
136,413
81,459
81,258
81,257
96,66
81,61
98,46
98,365
102,465
143,478
143,479
143,480
82,36
82,37
82,38
82,40
33,495
33,496
33,497
33,498
33,499
96,144
143,501
98,504
98,518
96,520
96,522
135,237
135,238
135,239
135,240
135,241
135,242
135,243
135,412
135,421
135,493
137,529
137,530
137,531
137,532
137,533
137,534
137,535
137,536
137,537
137,538
137,539
137,540
136,541
136,542
136,543
136,544
136,545
136,546
145,547
146,552
148,555
100,529
100,530
100,531
100,532
100,533
100,534
100,535
100,536
100,537
100,538
100,539
100,540
158,322
158,323
158,70
158,141
158,514
158,515
151,579
151,580
151,581
151,582
155,585
161,588
161,589
161,590
161,591
161,592
161,593
161,594
161,595
162,596
162,597
162,598
162,599
162,600
162,601
166,602
166,603
166,604
168,607
164,608
164,609
164,610
164,611
164,612
164,613
164,615
164,616
169,617
167,618
167,619
167,620
167,621
153,624
153,625
153,627
94,636
144,559
156,559
183,164
183,165
183,166
183,179
183,188
183,167
183,192
183,194
183,171
183,189
183,190
183,199
183,191
183,168
183,200
183,180
183,181
183,169
183,183
183,170
183,204
183,172
183,193
183,173
183,184
183,198
183,206
183,203
183,185
183,205
183,196
183,197
183,201
183,174
183,186
183,175
183,176
183,202
183,177
183,187
184,207
184,208
184,209
184,221
184,222
184,210
184,211
184,230
184,212
184,223
184,224
184,225
184,226
184,213
184,231
184,214
184,215
184,227
184,228
184,232
184,216
184,229
184,217
184,218
184,219
170,639
165,640
165,641
165,642
165,643
185,644
185,645
170,646
186,647
186,648
186,649
186,650
186,651
186,652
186,653
186,654
186,655
186,656
156,659
186,765
204,830
204,831
204,832
204,866
205,867
205,868
205,869
206,872
206,873
206,874
207,876
207,877
207,878
207,879
207,881
190,884
190,885
190,886
190,887
190,888
190,889
190,890
134,931
134,930
134,932
134,933
98,935
220,947
220,948
220,949
220,950
220,951
220,952
220,953
229,303
233,491
233,490
233,88
234,403
234,457
234,419
234,411
234,420
234,389
235,492
235,409
235,400
235,414
235,402
235,401
236,493
236,238
236,239
236,243
236,412
236,242
236,240
236,241
236,421
236,237
151,585
151,417
230,809
230,310
230,312
230,524
230,311
230,316
230,315
34,955
220,955
220,956
220,957
220,958
220,959
220,960
220,961
220,962
220,963
220,964
220,965
220,966
220,967
220,968
220,969
220,970
220,971
220,972
220,973
240,974
240,976
240,977
185,979
234,980
234,981
234,982
234,984
234,985
234,986
246,418
240,989
102,990
240,995
190,893
190,891
190,892
155,343
155,557
134,1021
260,1061
260,1059
260,1060
260,1067
260,1062
260,1063
260,1064
260,1065
260,1066
182,669
182,670
182,671
182,672
182,673
182,674
182,675
182,676
182,677
182,678
182,679
182,680
182,681
182,682
182,683
182,684
182,685
182,686
182,687
182,688
182,689
182,690
182,691
182,692
182,693
263,164
263,165
263,166
263,167
263,171
263,168
263,169
263,170
263,172
263,173
263,174
263,175
263,176
263,177
263,178
263,179
263,180
263,181
263,183
263,184
263,185
263,186
263,187
263,188
263,189
263,190
263,191
263,204
263,192
263,193
263,194
263,205
263,196
263,197
263,198
263,199
263,200
263,206
263,201
263,202
263,203
264,207
264,208
264,209
264,210
264,211
264,212
264,213
264,214
264,215
264,216
264,217
264,218
264,219
264,221
264,222
264,223
264,224
264,225
264,226
264,227
264,228
264,229
264,230
264,231
264,232
219,556
228,1096
228,318
228,1092
228,1094
228,1164
228,317
228,1167
228,1165
228,320
228,319
228,321
95,1230
95,1231
95,361
95,458
95,946
95,519
95,521
95,945
95,1232
95,359
95,360
267,1338
267,1339
267,1340
267,1333
229,1347
229,308
229,1333
229,1348
229,1349
229,302
229,1344
229,1351
229,1350
229,309
267,1341
267,1342
267,1343
267,1402
267,1335
267,1336
267,1337
267,1345
267,1352
267,1353
267,1354
267,1403
267,1545
267,1546
267,1547
267,1355
267,1370
267,1371
155,1592
170,1639
96,1392
96,945
96,1423
96,1550
96,1551
102,1698
279,1726
279,1727
279,1728
279,1735
279,1736
279,1737
279,1738
279,1739
279,1740
279,1741
146,1759
146,1760
279,1773
280,561
284,1775
284,1776
284,1774
283,562
284,1777
284,1778
281,560
285,1780
285,1779
285,1781
285,1782
286,1783
286,1785
286,1786
286,1787
287,1788
287,1789
287,1790
287,1799
287,1791
287,125
230,1652
230,1651
91,633
91,123
91,634
91,1661
91,1662
91,1663
220,1801
220,1802
220,1804
220,1805
260,1816
286,1826
286,1784
286,1827
286,1828
286,1829
286,1830
288,1840
288,1839
146,1870
146,1871
297,1875
290,1878
290,1879
290,1880
290,1881
290,1882
290,1883
290,1884
300,1889
300,1890
300,1891
300,1892
297,1873
297,1874
297,1872
300,1893
300,1894
300,1895
300,1896
300,1897
300,1898
300,1899
300,1900
300,1901
300,1902
300,1903
102,1906
301,1914
301,1916
301,1915
300,1927
300,1928
300,1929
300,1930
300,1931
300,1932
300,1934
300,1935
300,1905
300,1904
300,1936
300,1937
102,1996
166,2106
288,563
307,2110
283,2114
288,2114
280,2114
297,2115
281,2116
284,2117
285,2117
286,2117
307,2118
307,2119
308,2121
308,2123
308,2124
308,2125
308,2126
308,2122
308,2128
308,2127
308,2129
308,2130
308,2131
308,2132
308,2133
308,2134
308,2135
308,2136
102,2187
146,2188
219,2195
219,2196
219,2197
219,2198
219,2199
219,2200
219,2201
146,2194
310,2222
310,2223
310,2224
310,2225
311,2235
311,2236
311,2237
311,2238
311,2239
311,2240
312,2243
312,2244
312,2245
313,2247
312,2246
310,2248
93,2252
93,2253
93,2255
93,2256
82,2252
82,2253
82,2254
82,2255
82,2256
144,2257
161,2328
314,2370
314,2372
314,2373
314,2374
314,2375
314,2376
314,2377
314,2378
314,2379
314,2380
314,2381
314,2382
181,2408
181,2410
311,2411
311,2412
311,2413
311,2414
311,2415
311,2416
273,116
273,1451
273,1865
273,2497
314,2502
314,2503
153,154
134,2506
316,2526
316,2527
316,2528
316,2529
316,2530
316,2531
316,2533
101,2545
101,2546
229,2167
229,2559
144,2620
158,2630
158,1393
319,2654
319,2655
319,2656
319,2658
319,2659
319,2660
319,2661
319,2662
319,2663
319,2664
319,2665
319,2666
319,2667
319,2669
155,2695
134,2679
322,2777
322,2778
322,2779
322,2780
322,2781
322,2782
322,2783
322,2784
319,2805
319,2806
319,2817
319,2818
101,2827
101,467
101,468
101,470
101,469
101,471
101,472
101,146
101,154
101,2193
101,1097
101,153
101,155
101,156
101,564
101,565
314,2845
324,2857
324,2856
206,2869
327,2874
95,2758
95,2914
324,2915
34,108
329,2925
329,2926
329,2927
329,2928
329,2929
330,2650
96,2930
330,2641
330,2642
330,2639
330,2739
330,2645
330,2647
330,2353
330,2643
330,2648
330,2766
330,2693
137,2933
331,2952
331,2953
331,1844
331,2956
331,2957
331,2955
331,2959
331,2960
331,953
331,965
331,202
331,1802
331,2235
144,2961
189,1010
324,2916
324,2917
324,2918
324,2919
324,2920
324,2921
324,2922
324,2936
240,3019
333,2912
334,3022
334,3028
334,3029
334,3026
334,3025
334,3024
334,3027
334,3023
331,3055
335,3057
336,3058
335,3059
81,3065
81,3066
81,3067
81,3068
56,3068
56,3067
56,3065
56,3066
56,62
56,66
56,523
56,459
56,61
56,60
186,2957
311,3079
331,3020
95,3082
95,3083
331,369
151,3042
151,3043
151,3046
151,3047
151,3034
316,3084
316,3085
316,2535
316,2536
316,2537
316,2538
316,2539
316,2540
316,2541
316,2542
337,3086
337,3087
95,3095
95,3096
95,3097
339,2657
339,2653
339,245
339,259
181,3121
190,2975
205,2975
181,3135
181,3124
181,3126
322,3158
341,3079
264,3162
264,3163
264,3164
264,3165
264,3166
264,3167
264,3168
264,3172
264,3173
264,3176
264,3174
95,3197
319,3199
319,3208
319,3209
319,3210
328,3256
328,3255
95,3258
95,3269
95,3233
95,3114
325,90
325,91
325,92
325,94
325,96
325,97
325,99
325,100
325,102
325,104
325,105
325,106
325,107
325,110
325,113
325,114
325,115
156,2257
156,2962
95,1452
96,1549
324,3198
324,2945
324,2977
324,2944
345,3315
345,3313
345,3308
345,3317
345,3314
345,3312
345,3307
345,3311
345,3310
345,3309
345,3318
345,3316
345,3320
345,3321
345,3322
345,3319
360,3047
360,1540
360,1541
360,1226
360,1668
360,1542
360,1537
360,1536
360,1535
360,1543
360,1544
360,1470
360,1538
360,829
360,1469
360,3051
360,2100
360,3348
360,1225
360,2464
360,1671
360,3349
360,3351
360,804
360,3352
360,3353
360,3354
360,3355
360,3356
360,3350
360,861
360,2463
360,1684
360,1028
360,871
360,1468
360,2081
311,3358
360,3367
360,3361
360,3362
360,3363
360,3364
360,3365
360,3366
360,3368
360,3369
360,3370
360,3371
360,3372
362,843
362,1154
362,1209
362,803
362,1319
362,1688
362,2080
362,1673
362,973
362,1674
362,1675
363,3375
363,1909
100,3378
100,3379
95,3443
370,3332
370,3329
370,3330
370,3334
370,3331
370,3333
370,3335
370,3337
370,3339
370,3340
370,3338
369,3326
369,3343
369,3341
371,3344
372,3447
372,3449
219,3450
372,3451
372,3452
372,3448
372,3453
373,3463
373,3464
376,3465
376,3466
375,3467
375,3468
375,3469
375,3470
376,3474
376,3473
375,3475
375,3476
375,3477
375,3478
376,2183
376,309
376,308
376,1351
376,1350
376,3479
375,3480
375,3481
375,3483
95,2319
273,3488
322,3498
134,3501
377,3501
377,1909
98,3503
311,3440
339,3504
339,667
339,2303
339,3098
339,2290
339,2990
339,3115
339,3116
339,659
339,568
339,87
339,81
339,2321
339,384
339,124
339,386
339,33
339,483
339,367
339,510
339,1232
339,946
339,1230
339,355
339,936
339,2273
339,1907
339,3020
81,3515
324,3528
380,3529
380,1909
381,1909
170,3530
185,647
233,17
233,3532
233,3131
233,3133
233,3129
236,3536
101,3582
322,2785
322,2866
322,2803
322,2775
322,2776
322,2797
322,560
322,2796
268,1471
268,1472
268,1473
268,1474
268,1475
268,1476
268,1477
268,93
268,108
268,109
268,3367
268,1468
268,3369
268,3368
268,1470
268,1469
268,1480
268,1481
268,1483
268,1482
268,2368
268,2340
268,2348
268,2346
268,2347
268,2344
268,1492
268,1496
268,1497
268,1498
268,1552
268,2551
268,3283
268,1553
268,1588
268,1416
268,1415
268,1362
268,3090
268,1365
268,3499
268,1417
318,2644
318,2110
318,2766
318,2142
318,2693
318,2642
318,2641
318,2650
318,2739
318,2640
318,2731
318,2651
318,2646
318,2732
318,2733
318,3495
318,2734
318,3030
318,2966
318,2639
318,2740
318,2735
318,2736
318,2737
318,2965
318,3091
318,2692
318,2353
318,2643
318,2648
318,2649
318,2637
318,2638
318,2645
318,2647
318,2738
318,2679
311,2619
311,3020
311,3089
311,3505
311,3510
311,950
311,1673
311,949
311,1677
311,953
311,955
311,968
311,969
311,951
311,973
311,970
311,956
311,947
311,963
311,1676
311,965
311,957
311,1804
311,948
311,112
311,972
311,1805
311,971
311,962
181,3131
181,3133
181,3128
181,3127
181,2406
190,2871
190,713
190,714
190,882
190,883
190,1356
190,3048
190,1360
190,1359
190,988
190,715
206,875
205,2864
205,865
205,871
205,870
189,1009
189,1418
189,1007
189,712
189,716
189,1008
189,1006
189,709
189,711
189,1005
189,1004
189,1331
189,1003
189,3015
189,3014
189,2861
189,710
189,2963
189,2964
189,2962
189,1357
189,1358
189,2234
316,2550
316,3118
316,3518
316,2510
316,2509
316,3117
316,2543
316,2597
316,2599
316,2511
316,2516
316,2519
316,2513
316,2512
316,2517
316,2520
316,2595
316,2598
316,2548
316,2549
316,2523
316,2596
316,2524
316,2521
316,2514
316,2515
316,2868
316,2564
316,2565
316,2568
316,2569
316,2566
316,2567
316,2570
316,2571
316,2544
316,2518
316,2522
316,2525
274,979
274,1639
274,598
274,1640
274,1636
274,1638
274,1637
274,1635
274,1619
274,2102
274,2103
274,1745
274,1746
274,1749
274,2105
274,2104
274,3122
274,2975
274,1752
274,1765
274,1667
274,1751
274,661
274,399
274,1649
274,524
274,1651
274,1650
274,2875
274,1624
274,1626
274,1621
274,3267
274,1623
274,1625
274,1620
274,1628
274,1798
274,1627
274,1659
274,1630
274,1631
274,1632
274,1633
274,1663
274,1662
274,1661
274,1647
274,1648
274,1646
274,1645
274,2101
274,2794
274,1643
274,1644
274,1642
274,1641
274,810
274,1656
274,1657
274,1660
274,765
274,1658
274,1653
274,808
274,1652
274,312
309,2151
309,2150
309,2149
309,1345
309,2190
309,2189
309,2170
309,2174
309,2155
309,2154
309,2153
309,2210
309,2158
309,2157
309,2156
309,2773
309,2166
309,2163
309,2161
309,2152
309,2164
309,2160
309,2159
309,2162
309,2173
309,2172
309,2171
309,2211
309,2203
309,2191
309,2175
309,2179
309,2181
309,2182
309,2146
309,2801
309,2178
309,2177
309,2145
309,2186
309,2428
309,2415
309,2423
309,2419
309,2206
309,2208
309,2209
309,2205
309,2204
309,2185
309,2147
309,2148
309,2427
309,2426
309,2425
309,2424
309,2165
309,2207
309,2180
309,2176
207,880
207,2831
207,2345
204,822
204,2855
204,834
204,833
204,826
204,827
96,3603
233,3606
274,3608
321,2644
321,2110
321,2766
321,2142
321,2693
321,2642
321,2641
321,2650
321,2739
321,2640
321,2731
321,2651
321,2646
321,2732
321,2733
321,3495
321,2734
321,3030
321,2966
321,2639
321,2740
321,2735
321,2736
321,2737
321,2965
321,3091
321,2692
321,2353
321,2643
321,2648
321,2649
321,2637
321,2638
321,2645
321,2647
321,2738
321,2679
16,3539
16,3543
16,3395
16,3408
16,284
16,2278
16,2980
16,2277
16,2978
16,706
16,3262
16,282
16,700
16,699
16,2979
16,708
16,281
16,283
16,808
16,426
16,425
16,286
16,809
16,423
16,294
16,424
16,1649
16,290
16,291
16,292
16,696
16,702
16,703
16,704
16,701
16,288
16,697
16,698
16,2111
16,695
16,694
16,2112
16,3216
16,3238
16,3512
16,3511
16,3513
157,1831
157,1832
157,1833
157,1835
157,3035
157,3038
157,1834
157,1838
157,3036
157,3039
157,1836
157,1837
157,3037
157,3040
157,3041
157,3034
157,3081
157,3053
157,3044
157,3045
157,3042
157,3043
157,2795
157,2142
157,579
157,580
157,581
157,1646
157,1645
157,1647
157,1648
157,3608
157,582
157,2939
157,3046
157,3365
157,3349
157,3047
146,3609
382,3623
382,3624
382,3625
382,3626
382,3627
382,3628
382,3629
382,3615
382,3630
382,3631
382,3622
382,3632
382,3633
382,3634
360,3637
221,1642
221,1641
221,3535
221,87
221,83
221,3427
221,82
221,81
221,568
221,85
221,3076
221,239
221,88
221,26
221,59
221,3542
221,2323
221,3426
221,3531
221,2322
221,2321
221,3541
221,3543
221,3539
221,3537
221,2325
221,2320
221,2327
221,2318
221,2317
221,2316
221,2319
221,3540
221,2326
221,3429
221,3430
221,3533
221,3534
381,3639
339,3641
382,3642
279,3647
279,3648
279,3649
279,3650
279,3651
279,3652
279,3653
376,3654
274,3655
383,3657
383,3658
383,3659
383,3660
383,3661
383,3662
383,3663
383,3676
383,3664
383,3665
383,3666
383,3679
383,3677
383,3678
383,3683
384,2131
384,2123
384,2124
384,2133
384,2130
384,2134
384,2121
384,2126
384,2122
384,2128
384,2135
384,2129
384,2644
384,2110
384,2778
384,2779
384,2780
384,2777
384,2782
384,2781
384,2784
384,3158
384,3498
384,2785
384,2866
210,919
210,920
210,921
210,922
210,1022
210,1020
210,1019
210,1986
210,1988
210,1025
210,1993
210,1990
210,1989
210,1999
210,1987
210,1991
210,2000
210,1994
210,925
210,3690
210,2002
210,2001
210,929
210,928
210,1012
210,1011
210,866
210,1992
210,2937
210,3689
210,3680
210,3686
210,1971
210,3595
210,3687
210,3688
210,1972
210,1980
210,924
210,1024
210,1959
210,1957
210,1956
210,1958
210,2004
210,1812
210,2315
210,1811
210,923
210,1023
210,1973
210,2051
210,1949
210,1950
210,1951
210,1952
210,1953
210,1948
210,1954
210,1955
210,1981
210,2358
210,1807
210,1982
210,1983
210,858
210,2833
210,2014
210,1963
210,1985
210,2013
210,1984
210,1757
210,2843
210,1969
210,2011
210,2010
210,1970
210,1968
210,1961
210,1967
210,1960
210,1014
210,1964
210,1015
210,1979
210,1976
210,1975
210,1018
210,1013
210,1977
210,1965
210,1016
210,1978
210,2009
210,1017
210,2012
210,2007
210,1974
210,854
279,3691
383,3693
383,3694
16,3708
16,3712
16,3710
16,3711
324,3717
329,3730
382,3725
319,3725
221,3732
268,3749
33,3766
33,3767
325,1480
325,3770
325,3773
325,1479
325,1481
325,1483
325,3772
146,3776
33,3777
309,3778
388,3558
388,3555
388,3559
388,3556
388,3557
388,3564
388,3562
388,3560
388,3561
388,3563
388,3765
388,3764
388,657
388,658
388,2742
388,528
388,2258
388,517
388,2187
388,2741
388,2629
388,2260
388,1908
388,2259
388,513
388,505
388,2192
388,2873
388,3151
388,3120
388,2746
388,2747
388,526
388,2745
388,3775
382,3781
151,2791
383,2854
384,2860
382,3768
324,3280
324,2923
324,2951
324,2946
324,2950
324,2941
324,2943
324,2949
324,2841
324,2948
324,2942
324,2837
207,866
207,2884
207,1957
207,661
207,3725
204,2884
56,3798
81,3798
102,3801
151,3812
311,3812
234,3813
155,3796
238,3822
238,3830
238,3820
238,3817
238,3828
238,3833
238,3831
238,3826
238,3823
238,3816
238,3819
238,3825
238,3818
238,3824
238,3829
238,3832
238,3821
98,2657
98,2653
95,158
98,3033
98,147
96,151
98,3271
389,3299
389,3302
389,3305
389,3300
389,3303
390,3036
390,3037
390,3035
390,1831
390,3081
390,3053
390,3034
390,1835
390,1834
390,1833
390,1838
390,2412
390,3046
390,3365
390,3349
390,3047
331,2236
331,3384
311,2246
311,2243
311,2244
311,2245
329,198
329,233
329,234
329,206
329,203
329,235
273,3725
273,2451
273,2452
273,3092
273,2454
273,2455
273,2507
359,3808
359,3359
359,3454
359,3376
359,3840
359,3357
359,3358
359,3814
359,3456
359,3457
359,3455
359,3815
359,3348
268,1792
268,343
268,557
268,1490
268,2774
268,1491
268,1489
268,1487
268,1488
268,1494
268,1414
268,1493
268,1361
268,3722
268,3617
268,3237
268,3795
268,1554
268,2884
309,2169
309,3731
309,3723
309,3725
309,2168
309,2184
309,2280
309,2367
309,2279
309,3284
332,978
332,3011
332,3010
332,3013
332,1100
332,1099
332,3810
332,3591
332,1039
332,1044
332,2314
332,1058
332,2241
332,2968
332,2970
332,3008
332,3012
332,3009
332,1097
332,1046
319,2819
319,2820
319,2668
319,2821
319,2822
319,2823
319,2824
319,2825
319,2826
319,2816
319,2677
319,2678
319,2670
319,2672
319,2674
319,2676
319,3016
382,3635
382,3748
359,3858
309,3855
392,1309
392,910
392,911
392,909
392,913
392,3857
392,912
392,915
392,914
392,916
392,917
392,2862
392,896
392,1346
393,1032
393,1033
393,1036
393,1034
393,1035
393,1037
393,1038
393,2975
393,2863
393,2603
393,3281
393,1031
393,999
393,1030
393,997
393,1027
393,3848
393,3077
393,1028
393,1029
393,998
393,1002
393,1000
393,1001
393,3075
393,3072
393,3073
393,3071
393,3074
370,3336
370,3803
370,3802
370,3806
370,3805
370,3804
370,3807
370,3327
370,3328
370,3325
370,3342
370,3026
370,3025
370,3022
370,3024
370,3027
370,3023
370,3028
370,3029
370,1845
370,3081
370,3053
370,3050
370,3034
370,1360
370,2795
370,3042
370,2794
370,3043
370,2791
370,579
370,580
370,581
370,582
370,1647
370,1648
370,3608
370,1646
370,1645
370,491
370,3606
370,490
370,88
370,1164
370,1165
370,317
370,1092
370,1094
370,1096
370,1166
370,1330
370,1167
370,1329
370,319
370,419
370,307
370,2286
370,1091
370,29
370,3516
274,3872
360,3880
360,3882
360,3881
360,3877
360,3875
360,3876
360,3874
360,3878
234,3879
334,3883
151,3883
396,1206
396,3276
370,3883
200,3704
200,3239
200,1921
200,776
200,784
200,1925
200,777
200,2421
200,780
200,3727
200,3768
200,817
200,3620
200,1704
200,1919
200,801
200,783
200,1920
200,2770
200,1922
200,3486
200,796
200,820
200,857
200,3762
200,996
200,1957
200,816
200,782
200,850
200,1917
200,778
200,781
200,815
200,813
200,824
200,814
200,812
200,811
200,808
200,809
200,661
200,800
200,866
200,790
200,791
200,1753
200,792
200,1918
200,799
200,3752
200,793
200,794
200,795
200,1703
200,1939
200,2813
200,894
200,3119
200,3861
200,823
200,818
200,858
200,1924
200,1809
200,821
200,854
200,501
200,3790
200,3791
200,828
200,3191
200,787
200,788
200,789
200,785
200,806
200,803
200,829
200,804
200,805
309,2858
309,2872
309,2876
309,2140
309,2141
309,2232
309,2228
309,2230
309,2144
309,2227
309,2229
309,2226
309,2231
309,2233
309,2634
309,393
309,395
309,2281
309,2501
392,918
392,2830
392,1845
317,2572
317,2694
317,2573
317,2563
317,3856
317,2575
317,2576
317,2579
317,2578
317,2574
317,2577
317,2580
317,2581
317,2582
317,2583
317,3323
317,2622
317,661
317,2623
317,2633
317,2609
317,2608
317,2616
317,2613
317,2610
317,2592
317,2594
317,2626
317,2614
317,1660
317,330
317,2615
317,2618
317,2628
317,2586
317,2591
317,2593
317,2588
317,2590
317,3786
317,2802
317,2585
317,2617
317,2562
317,2561
317,2560
317,3784
317,3785
317,2587
317,2584
317,2589
16,3568
16,2800
16,705
16,3760
16,2113
16,1888
16,1886
16,1887
16,3277
16,2018
16,2019
16,2020
16,2021
16,2022
16,3850
16,2417
16,2023
16,2139
16,2357
16,2810
16,3745
16,3056
16,2975
16,3602
16,3186
16,3671
334,3081
334,3053
334,3034
334,3021
334,3031
90,3600
90,3599
90,3598
90,3604
90,1747
90,2484
90,2274
90,2275
90,525
90,2276
90,387
90,388
90,3601
90,117
90,630
90,629
90,631
90,1847
90,31
90,33
90,384
90,2763
90,2762
90,385
90,124
90,628
90,3275
90,391
90,507
90,1661
90,1662
90,1663
90,569
90,571
90,386
90,570
90,503
90,572
90,573
90,574
90,1556
90,16
90,20
90,2764
90,3596
90,3597
90,26
90,59
90,1748
90,287
90,390
90,389
90,29
90,307
90,2765
90,3812
90,632
90,1171
90,289
90,3032
90,2514
90,21
55,449
55,450
55,452
55,454
55,3797
55,451
55,453
55,455
55,448
55,445
55,440
55,3107
55,433
55,51
55,48
55,45
55,444
55,2757
55,2895
55,442
55,443
55,2759
55,3293
55,1731
55,446
55,439
55,2761
55,2760
55,2990
55,3799
55,438
55,437
55,436
55,3105
55,3110
55,2758
55,3113
55,3288
55,3111
55,3108
55,3278
55,3709
55,3116
55,3115
55,1803
55,3220
55,659
55,44
55,2490
55,3292
55,3109
55,3177
55,3112
55,3114
55,3264
55,1794
55,506
55,427
55,428
55,509
55,434
55,435
55,43
55,49
55,3565
55,3061
55,47
55,3060
55,46
55,3160
55,3159
55,3552
55,3553
55,3551
55,3550
55,3800
55,3161
55,3798
202,367
202,364
202,363
202,382
202,1846
202,362
202,566
202,516
202,347
202,332
202,333
202,331
202,506
202,427
202,428
202,509
202,1653
202,1844
202,510
202,3799
202,3797
202,3439
202,3440
202,3438
202,483
202,368
202,369
202,3554
202,987
202,3442
202,3441
84,268
84,266
84,267
84,265
84,245
84,247
84,246
84,248
84,2657
84,2653
84,934
84,504
84,3070
84,3069
84,3735
84,3734
84,138
84,12
84,256
84,466
84,270
84,2632
84,2505
84,2629
84,255
84,3736
84,3738
84,3739
84,3445
84,269
84,135
84,264
84,263
84,134
84,144
84,159
84,160
84,161
84,162
84,465
84,129
84,258
84,257
84,3507
84,3508
84,3509
84,142
84,136
84,658
84,3540
84,3737
84,259
84,272
84,271
84,139
84,273
84,260
84,3462
84,143
84,261
84,236
84,3461
84,133
84,657
84,3872
84,488
70,339
70,338
70,330
70,348
70,525
70,2491
70,810
70,392
70,328
70,344
70,342
70,327
70,340
70,341
70,334
70,335
70,278
70,345
70,347
70,665
70,2932
70,346
70,332
70,333
70,765
70,337
70,331
70,666
70,1844
70,3385
70,3387
70,2289
70,3098
70,381
70,667
70,668
70,3382
70,3396
70,3404
70,3390
70,3391
70,2303
70,2294
70,2287
70,343
70,336
70,382
70,2290
70,3405
70,2298
70,2306
70,3401
70,3099
70,3400
70,3403
70,3407
70,3388
70,3389
70,2299
70,2286
70,3408
70,3384
70,3395
70,3394
70,3393
70,2300
70,3412
70,3413
70,3406
70,3398
70,3411
70,3402
70,3397
70,1653
70,3523
70,3524
70,3525
70,3522
70,3526
70,3521
70,393
70,2288
70,2940
70,2296
70,3064
70,3604
70,2305
70,3279
70,3808
70,3359
70,3081
70,3053
70,3494
70,3418
101,149
101,262
101,3033
101,147
101,2251
101,2250
237,339
237,338
237,3808
237,3359
237,3279
237,3292
237,3317
237,2932
237,278
237,2295
237,366
237,489
237,422
237,3134
237,415
237,416
238,583
238,3732
238,3534
238,3533
238,579
238,580
238,581
238,3608
238,3645
238,582
238,3643
238,390
238,307
238,419
238,415
238,277
238,29
238,3812
238,3516
238,2765
238,389
238,943
238,276
203,808
203,3521
203,393
203,1815
203,396
203,397
203,3607
203,1649
203,809
203,3260
203,660
203,394
203,3261
203,3259
203,3265
203,395
203,661
203,399
203,978
203,1555
231,475
231,1772
231,937
231,68
231,324
231,3386
231,325
231,3811
231,3692
231,3699
231,474
231,326
231,349
231,662
231,514
231,323
231,141
231,2630
231,322
231,70
231,515
231,1393
384,2803
384,2775
384,2776
384,2796
384,560
384,561
186,255
186,258
186,134
186,236
186,488
181,3137
181,2500
181,2499
181,2407
181,2409
181,3129
181,3134
221,3538
221,3536
221,3532
221,2324
221,3134
221,3129
221,3428
221,3431
221,3606
221,17
221,53
221,3605
221,2496
221,86
221,473
221,3131
221,3133
101,151
101,2547
101,158
101,157
101,2249
102,3700
93,2254
93,3137
93,40
93,41
93,635
93,122
240,975
240,1712
240,3682
240,3681
143,476
143,477
143,481
143,482
156,2620
156,2961
220,3767
220,3884
362,3767
362,3884
156,3885
144,3885
84,3733
84,3888
95,3891
16,3898
16,3907
389,3887
234,3912
234,3913
311,3914
151,3256
151,3255
397,488
397,309
397,3888
151,3912
151,3913
151,3914
137,3379
137,3378
359,3916
398,3917
398,3931
398,3918
398,3937
398,3926
398,3928
398,3922
398,3920
398,3929
398,3935
398,3924
398,3930
398,3925
398,3938
398,3936
398,3919
398,3927
398,3933
398,3932
398,3923
398,3934
398,3939
398,3921
325,3946
325,3944
325,3945
325,3942
325,3947
325,3948
325,3943
205,3951
151,3951
70,3957
70,3958
186,3958
186,3957
370,3959
370,3960
390,3961
390,3962
151,3961
151,3962
70,3968
70,3969
70,3970
70,3971
70,3972
71,3964
71,3965
71,3966
71,296
71,3101
71,295
71,299
71,2952
71,1843
71,2953
71,298
71,1814
71,3459
71,2486
71,2293
71,2301
71,3915
71,297
71,3100
71,3062
71,2302
71,2297
71,3460
71,3458
71,2291
71,2292
71,2098
71,2099
71,2268
71,2266
71,2272
71,2270
71,2267
71,2265
71,2271
71,2269
71,3434
71,510
71,3063
71,3266
71,3272
71,2485
71,3271
71,13
71,3102
71,86
71,2017
71,1657
71,375
71,372
71,58
71,942
71,371
71,3967
71,3640
71,1658
71,3963
71,377
71,2636
71,3104
71,664
71,663
71,1660
71,3973
71,3291
71,3471
71,3103
71,376
71,379
71,378
71,380
326,3793
326,3718
326,2889
326,2885
326,2887
326,2888
326,2886
326,2884
326,2877
326,2865
326,2894
326,2893
326,2892
326,2880
326,690
326,190
326,3187
326,2883
326,230
326,2878
326,2879
326,3896
326,2882
272,1821
272,1822
272,3782
272,3725
272,2884
272,1824
272,1825
272,858
272,2870
272,1761
272,1766
272,1762
272,1763
272,1764
272,1770
272,1771
272,1767
272,1768
272,3892
272,3907
272,1793
272,1819
272,1769
272,1820
97,3967
97,3407
97,345
97,3220
97,2295
97,278
97,366
97,3254
97,3684
97,2619
97,568
97,3020
97,2491
97,371
97,1846
97,936
97,364
97,1818
97,362
97,363
97,382
97,347
97,665
97,3385
97,3273
97,566
97,987
97,483
97,3257
97,2273
97,2631
97,516
97,1907
97,567
97,1134
97,367
97,276
97,46
97,2485
97,365
97,1813
97,2137
97,3253
97,1817
97,3123
97,3304
97,2016
16,289
16,2793
16,3049
16,3050
16,3052
16,2143
16,707
16,3364
16,3350
16,3368
16,3367
16,3369
16,3051
269,3889
269,1380
269,1381
269,1665
269,1382
269,1384
269,1383
269,1371
269,1664
269,1409
269,2284
269,1401
269,2500
269,3123
269,3298
269,1681
269,1683
269,1682
269,2924
269,854
269,1538
269,1666
269,3501
269,3485
269,3484
270,3890
270,1373
270,1374
270,1680
270,1378
270,2217
270,1375
270,1377
270,1376
270,1372
270,1390
270,2221
270,1404
270,1407
270,1406
270,1405
270,2120
270,2212
270,2213
270,2369
270,1670
270,2555
270,2556
270,3506
270,2283
270,2215
270,3517
270,2214
270,3841
270,1408
270,2216
270,2219
270,2218
270,2220
270,3544
270,2867
270,1733
270,1734
270,1742
270,1743
270,3297
270,1744
270,1679
270,1678
270,3501
270,1671
270,1537
270,1536
270,1673
270,1674
270,1672
270,1675
270,1677
270,1676
382,3987
382,3986
210,3987
210,3986
200,3987
200,3986
95,4003
317,4008
16,4013
326,4023
200,4027
383,4031
383,4032
383,4033
210,4031
210,4032
210,4033
382,4031
382,4032
382,4033
200,4031
200,4032
200,4033
319,4031
319,4032
319,4033
324,4039
314,4043
97,4047
268,4048
268,4051
359,409
359,4053
268,4058
359,4062
339,3542
329,1431
70,4097
70,4098
70,4099
182,4076
182,4064
182,4065
182,4066
182,4067
182,4068
182,4069
182,4070
182,4071
182,4072
182,4073
182,4074
182,4077
182,4078
182,4079
182,4080
182,4081
182,4082
182,4083
182,4084
182,4085
182,4086
182,4087
182,4088
182,4089
182,4090
182,4091
182,4092
182,4093
182,4094
182,4095
182,4096
70,4102
70,4101
70,4103
70,4104
237,4105
359,4105
325,4045
325,3771
325,3720
325,3713
325,3725
325,4055
325,4056
325,3794
325,3217
325,3236
325,4061
325,3489
325,3839
325,4046
325,4047
325,3616
325,3574
325,4049
325,3940
325,4059
325,3941
325,3496
325,3949
325,3304
325,3088
325,3747
325,3859
325,4060
325,4063
325,4076
325,4064
325,4065
325,4067
325,4068
325,4069
325,4070
325,4071
325,4072
325,4073
325,4074
325,4077
325,4078
325,4079
325,4080
325,4081
325,4082
325,4083
325,4084
325,4085
325,4086
325,4087
325,4088
325,4089
325,4090
325,4091
325,4092
325,4093
325,4094
325,4095
325,4096
325,4038
325,3672
325,3188
325,3899
325,3907
325,3900
325,3910
325,3774
325,2853
325,669
325,4024
268,4034
268,3901
268,4067
268,4082
268,1443
268,3195
268,3380
268,2846
268,1413
268,1442
268,1411
268,1466
268,1465
268,1464
268,1459
268,1450
268,1444
268,1460
268,1412
268,1461
268,1448
268,1462
268,1463
268,1449
268,1445
268,1446
268,1447
268,1456
268,1457
268,1458
268,1454
268,1455
268,1366
268,1367
273,688
273,186
273,229
273,4093
315,2479
315,2480
315,2482
315,2481
315,2476
315,2477
315,2493
315,3845
315,2478
315,2859
315,2498
315,2975
315,2449
315,2457
315,2450
315,2458
315,2459
315,3742
315,2460
315,2462
315,2461
315,2443
315,2601
315,3636
315,2442
315,2441
315,2431
315,2430
315,2429
315,2600
315,3240
315,2432
315,2433
315,2440
315,2508
315,2445
315,2713
315,3976
315,4009
315,3203
315,2494
315,2437
315,2495
315,2447
315,3580
315,2612
315,2714
315,2439
315,2446
315,2435
315,3612
315,2444
315,2828
315,2448
315,2485
315,2486
315,2491
315,2489
315,2490
315,2492
315,2472
315,4020
315,3183
315,2466
315,2467
315,2469
315,2470
315,2471
315,2468
315,3362
315,2464
315,2463
315,3367
315,3369
319,854
319,3986
204,3078
204,1526
204,1527
204,1528
204,4018
204,4031
204,4032
204,4033
204,3368
204,3367
204,3369
204,3370
275,3286
275,3864
275,1531
275,1534
275,1532
275,1533
275,2362
275,858
275,4030
275,4031
275,4032
275,4033
275,1523
275,1526
275,1527
275,1528
275,1517
275,1525
275,1758
275,1522
275,1518
275,3196
275,2851
275,1520
275,3909
275,1519
275,1515
275,1521
275,1524
275,1514
275,3675
275,3907
275,4042
275,1510
275,1511
275,1512
275,1506
275,1508
275,3234
275,3219
275,3570
275,3707
275,2768
275,1504
275,1500
275,1501
275,1502
275,2611
275,1503
275,1485
275,1486
275,1509
275,1529
275,1530
275,850
275,1505
275,1507
275,1484
275,854
275,3986
275,3755
275,866
275,1699
275,1700
275,1701
275,1702
207,1526
207,1527
207,1528
207,3907
207,4031
207,4032
207,4033
207,3368
207,3367
207,3365
207,3349
207,3880
207,3882
207,3881
199,747
199,745
199,748
199,746
199,744
199,743
199,742
199,749
199,750
199,1848
199,1869
199,1857
199,1806
199,1858
199,1923
199,1859
199,3860
199,858
199,1850
199,1851
199,3751
199,866
199,740
199,1942
199,1943
199,1945
199,2005
199,1944
199,1946
199,2003
199,738
199,741
199,1940
199,2006
199,1995
199,2834
199,3726
199,3725
199,4014
199,3703
199,721
199,3225
199,726
199,2884
199,1860
199,718
199,3779
199,1957
199,2771
199,727
199,728
199,1938
199,729
199,1188
199,1189
199,2420
199,1941
199,723
199,725
199,3987
199,1867
199,1866
199,720
199,1863
199,3986
199,1856
199,1756
199,3190
199,2849
199,733
199,3905
199,737
199,1854
199,735
199,732
199,4041
199,734
199,731
199,1853
199,730
199,736
199,1855
199,3907
199,3956
199,4031
199,4032
199,4033
199,4026
199,854
199,754
199,1852
199,751
199,752
199,3368
199,3367
199,3365
199,3369
199,3880
199,3882
199,3881
261,1142
261,1104
261,1103
261,1102
261,1149
261,1172
261,1173
261,2717
261,1106
261,3230
261,3984
261,3981
261,3696
261,1137
261,3982
261,1105
261,3983
261,1140
261,3757
261,3171
261,3715
261,3725
261,1146
261,3578
261,3975
261,2313
261,2138
261,1139
261,3373
261,3611
261,3573
261,3213
261,1148
261,1147
261,1107
261,2789
261,2310
261,1150
261,1151
261,3985
261,1138
261,3987
261,3986
261,2312
261,1126
261,1117
261,1810
261,3593
261,3200
261,2606
261,1174
261,1175
261,1164
261,1167
261,317
261,1165
261,3836
261,1141
261,1119
261,1122
261,1129
261,1128
261,1124
261,1135
261,3741
261,2727
261,3870
261,3990
261,1131
261,1132
261,1133
261,2807
261,1158
261,2354
261,1159
261,1157
261,3844
261,1156
261,858
261,2364
261,3959
261,3960
261,1247
261,854
261,4040
261,3988
261,3182
261,1109
261,1115
261,3953
261,3989
261,1110
261,1108
261,3179
261,2839
261,3894
261,1112
261,1111
261,3668
261,1114
261,4031
261,4032
261,4033
261,3907
261,1153
261,1154
261,1161
261,1162
261,1160
261,1163
261,2311
261,1145
261,3361
261,3368
261,3367
261,3880
261,3882
261,3881
198,3991
198,3992
198,2716
198,3586
198,1168
198,3584
198,3695
198,3702
198,1564
198,1563
198,4004
198,4005
198,3974
198,3980
198,3200
198,3201
198,837
198,836
198,3610
198,3619
198,1561
198,3585
198,1565
198,3592
198,768
198,769
198,759
198,758
198,1558
198,3583
198,757
198,3987
198,3575
198,3581
198,3492
198,3491
198,3714
198,3725
198,3211
198,3212
198,1559
198,3587
198,770
198,772
198,3571
198,3572
198,4007
198,3227
198,767
198,1569
198,3374
198,3986
198,4001
198,1957
198,760
198,3756
198,1170
198,1169
198,764
198,1587
198,320
198,319
198,1584
198,863
198,4037
198,2981
198,2607
198,3080
198,854
198,1246
198,3590
198,1583
198,2553
198,3843
198,3853
198,2329
198,1669
198,859
198,853
198,1560
198,3589
198,2349
198,2352
198,1582
198,2815
198,3837
198,3838
198,838
198,839
198,851
198,852
198,762
198,763
198,3996
198,3997
198,1997
198,1998
198,3866
198,3867
198,2729
198,3588
198,3865
198,3740
198,866
198,771
198,755
198,756
198,773
198,774
198,1947
198,775
198,1571
198,3222
198,3221
198,835
198,1567
198,1579
198,3181
198,1574
198,1577
198,1576
198,1581
198,1578
198,3178
198,2838
198,848
198,845
198,844
198,846
198,2848
198,1580
198,847
198,3956
198,4019
198,4031
198,4032
198,4033
198,3893
198,3904
198,3667
198,3907
198,1589
198,1590
198,843
198,840
198,841
198,3355
198,3367
198,861
198,3369
198,1668
198,3880
198,3882
198,3881
320,3514
320,2680
320,2681
320,2706
320,3519
320,3520
320,3017
320,2704
320,2703
320,2683
320,3725
320,3986
320,3987
320,2700
320,2701
320,2702
320,2686
320,2685
320,2832
320,2682
320,2684
320,2707
320,2708
320,2709
320,2710
320,2712
320,2711
320,2697
320,2698
320,2696
320,2705
320,2699
320,4031
320,4032
320,4033
55,4106
70,4107
55,4108
55,4109
380,4110
271,1386
271,1387
271,1394
271,1389
271,1395
271,1396
271,1399
271,1398
271,1419
271,1388
271,1400
271,1397
271,1441
271,1420
271,1453
271,1548
271,2934
271,1385
271,1440
271,1439
271,4003
271,3082
271,3083
271,458
271,3096
271,1452
271,945
271,1232
271,3891
271,359
271,3233
271,360
271,1391
271,1430
271,1431
271,1432
271,3296
271,3796
271,1350
271,2559
271,303
271,308
271,302
271,3638
271,1392
271,1422
271,1421
271,1797
271,1796
271,1423
271,144
271,3503
271,1424
271,2183
271,934
271,1410
271,1551
271,1550
271,1438
271,1539
271,3733
271,133
271,236
271,1425
271,1426
271,1428
271,1427
271,1429
271,2925
271,1433
271,1436
271,1435
271,1434
271,1437
271,995
271,1540
271,1541
271,1542
271,1543
271,1544
262,3993
262,3697
262,1176
262,3792
262,1118
262,2718
262,1180
262,1178
262,1177
262,1179
262,1206
262,3204
262,3977
262,3231
262,3214
262,1192
262,3567
262,1195
262,1197
262,3613
262,1198
262,3577
262,3716
262,1196
262,3763
262,1224
262,1223
262,3758
262,1193
262,3987
262,1233
262,2935
262,3986
262,854
262,1190
262,1187
262,1243
262,3846
262,1227
262,2365
262,2355
262,1244
262,1229
262,1228
262,858
262,1245
262,2602
262,2808
262,1201
262,1203
262,1204
262,1205
262,1194
262,1202
262,1212
262,1213
262,1211
262,3743
262,1215
262,2725
262,1214
262,1218
262,3868
262,3998
262,1216
262,1219
262,1220
262,1221
262,1222
262,4044
262,4035
262,3952
262,1755
262,1182
262,1181
262,2840
262,1186
262,3895
262,1183
262,1184
262,1185
262,1199
262,3669
262,3184
262,1200
262,4031
262,4032
262,4033
262,3907
262,1209
262,1208
262,3363
262,1225
262,1226
262,3368
262,3367
262,3365
262,3369
262,3880
262,3882
262,3881
248,3978
248,4011
248,3994
248,3698
248,3566
248,3215
248,1079
248,3987
248,1040
248,1041
248,1039
248,1098
248,1042
248,1044
248,2314
248,1729
248,1730
248,1080
248,3759
248,1957
248,2973
248,1083
248,3614
248,2788
248,2836
248,1101
248,2972
248,2715
248,2241
248,3232
248,3716
248,3725
248,1043
248,3768
248,3490
248,3576
248,4006
248,1078
248,2884
248,3986
248,3205
248,1058
248,1057
248,3591
248,1090
248,1089
248,1088
248,1095
248,1077
248,1100
248,1099
248,3656
248,3809
248,1092
248,1094
248,1096
248,1093
248,1091
248,866
248,3835
248,1068
248,1069
248,1070
248,1081
248,4100
248,2967
248,3744
248,2726
248,1074
248,1075
248,3999
248,3869
248,1071
248,1072
248,1073
248,1076
248,1084
248,1116
248,2242
248,2809
248,1097
248,858
248,1048
248,1046
248,1049
248,3849
248,2552
248,1808
248,1050
248,2356
248,1248
248,2604
248,992
248,2842
248,993
248,4021
248,3185
248,1056
248,3897
248,1052
248,1053
248,994
248,1055
248,4031
248,4032
248,4033
248,3907
248,3670
248,3954
248,1051
248,2804
248,1085
248,3368
248,3367
248,3371
248,3369
265,4002
265,1284
265,1957
265,3761
265,4012
265,3979
265,3579
265,1299
265,1298
265,2309
265,1293
265,1290
265,3724
265,3725
265,1306
265,1307
265,3995
265,1238
265,3218
265,1263
265,2772
265,2307
265,1315
265,1316
265,3618
265,1295
265,1289
265,3987
265,1291
265,3569
265,1305
265,1239
265,1302
265,1240
265,1304
265,1303
265,2787
265,1236
265,1237
265,1311
265,3228
265,3229
265,1234
265,1235
265,1310
265,1312
265,1241
265,2722
265,3701
265,3986
265,1262
265,1261
265,3950
265,3206
265,3594
265,2308
265,1324
265,1326
265,1369
265,1328
265,1327
265,1332
265,1313
265,1314
265,1329
265,1330
265,1285
265,1288
265,1292
265,1270
265,1271
265,1272
265,3834
265,3750
265,1591
265,1557
265,3304
265,2728
265,4000
265,3871
265,1265
265,1264
265,1274
265,1276
265,1267
265,1283
265,1275
265,1278
265,1277
265,1279
265,1280
265,1281
265,989
265,975
265,1800
265,3682
265,3681
265,2351
265,1282
265,2812
265,3851
265,1321
265,1320
265,858
265,2335
265,1322
265,1323
265,1334
265,2605
265,854
265,1318
265,1319
265,3189
265,1242
265,3180
265,2847
265,1257
265,3903
265,1253
265,1258
265,4025
265,1252
265,3955
265,1251
265,1254
265,1256
265,3673
265,1287
265,1250
265,1259
265,3907
265,4031
265,4032
265,4033
265,3368
265,3367
265,3369
265,3372
265,3880
265,3882
265,3881
304,3729
304,3725
304,4017
304,2031
304,3235
304,3706
304,2024
304,2025
304,3783
304,2028
304,2030
304,2029
304,2026
304,2422
304,2689
304,2786
304,3987
304,3621
304,2093
304,2071
304,2074
304,2087
304,2088
304,3207
304,2072
304,2027
304,2767
304,2691
304,2073
304,2079
304,2075
304,3986
304,2032
304,2035
304,2033
304,2092
304,2690
304,2034
304,2036
304,3863
304,2085
304,858
304,2089
304,2090
304,2361
304,3285
304,2094
304,2366
304,2835
304,2076
304,2077
304,2078
304,2086
304,3094
304,2974
304,3754
304,2056
304,2057
304,2058
304,2059
304,2060
304,2061
304,2062
304,3545
304,3093
304,2063
304,2065
304,2064
304,2070
304,2095
304,2083
304,854
304,2069
304,2066
304,2068
304,2067
304,2043
304,2044
304,3192
304,2047
304,2850
304,3908
304,2504
304,2049
304,2040
304,2045
304,4029
304,2048
304,2039
304,2046
304,2038
304,2052
304,2041
304,2053
304,2042
304,2050
304,2054
304,3956
304,3907
304,4031
304,4032
304,4033
304,2091
304,2055
304,2082
304,2080
304,2084
304,2081
304,2100
304,3368
304,3367
304,3880
304,3882
304,3881
314,4031
314,4032
314,4033
314,3907
314,2385
314,2418
314,2386
314,2393
314,3780
314,3226
314,2389
314,2387
314,3721
314,3725
314,1957
314,2884
314,2392
314,2403
314,2404
314,2405
314,3852
314,2401
314,2402
314,2343
314,2342
314,2341
314,2359
314,2350
314,3282
314,3746
314,2391
314,2811
314,2394
314,2395
314,2398
314,2396
314,2397
314,2399
314,2400
314,2383
332,2975
332,2969
332,1116
332,2809
332,2242
332,2804
387,4057
387,3769
387,526
387,3775
387,3151
387,2938
387,2745
387,3500
387,383
387,527
387,2898
387,2900
387,2899
387,4068
387,2752
387,2748
387,2749
387,2750
387,3902
387,3907
387,2751
387,2753
387,2755
387,2754
387,2909
387,2908
387,2913
387,2911
387,2910
387,3847
387,3854
387,2742
387,2741
387,2192
387,3348
387,3368
387,3367
387,3365
387,3369
387,3353
387,3880
387,3882
387,3881
387,111
272,4031
272,4032
272,4033
277,3705
277,3224
277,1594
277,1593
277,3728
277,3725
277,1692
277,1597
277,1697
277,1868
277,1696
277,2769
277,1691
277,1693
277,1690
277,1689
277,1595
277,1598
277,1717
277,1720
277,850
277,1695
277,3987
277,3986
277,866
277,3753
277,1705
277,1706
277,1707
277,1708
277,1709
277,1710
277,1711
277,1712
277,2814
277,1724
277,1718
277,3862
277,2557
277,1795
277,2363
277,2360
277,1722
277,1723
277,858
277,1725
277,1721
277,854
277,1713
277,1716
277,1714
277,1715
277,3911
277,3906
277,3907
277,4036
277,4028
277,4031
277,4032
277,4033
277,3956
277,1616
277,1754
277,3193
277,2852
277,1614
277,1606
277,1604
277,1601
277,3789
277,1607
277,3674
277,1603
277,1608
277,1618
277,1617
277,1602
277,1610
277,1609
277,1611
277,1612
277,1613
277,1615
277,3194
277,1526
277,1688
277,1686
277,1684
277,3368
277,3367
277,3365
277,3369
277,3880
277,3882
277,3881
326,98
189,4111
189,4112
189,4113
189,4114
399,1529
399,3768
399,3987
399,3986
399,2554
399,2552
399,2553
399,2557
399,1583
399,3119
279,4115
279,4116
279,4117
279,4118
279,4119
279,4120
279,4121
279,4122
279,4124
279,4123
279,4125
279,4126
325,1482
325,4131
400,4127
400,4128
400,4129
400,4132
400,4130
238,4133
238,4134
238,4135
238,4136
238,584
238,4052
238,4054
388,4137
144,659
71,4138
314,4139
309,4140
309,4141
309,4142
332,4144
332,4148
