LinkingId,CategoryID,ProductID,DisplayOrder
1934392,198,3991,
1934393,198,3992,
1934394,198,2716,
1934395,198,3586,
1934396,198,1168,
1934397,198,3584,
1934398,198,3695,
1934399,198,3702,
1934400,198,1564,
1934401,198,1563,
1934402,198,4004,
1934403,198,4005,
1934404,198,3974,
1934405,198,3980,
1934406,198,3200,
1934407,198,3201,
1934408,198,837,
1934409,198,836,
1934410,198,3610,
1934411,198,3619,
1934412,198,1561,
1934413,198,3585,
1934414,198,1565,
1934415,198,3592,
1934416,198,768,
1934417,198,769,
1934418,198,759,
1934419,198,758,
1934420,198,1558,
1934422,198,3583,
1934423,198,757,
1934424,198,3987,
1934427,198,3575,
1934428,198,3581,
1934429,198,3492,
1934430,198,3491,
1934431,198,3714,
1934432,198,3725,
1934433,198,3211,
1934434,198,3212,
1934435,198,1559,
1934436,198,3587,
1934437,198,770,
1934438,198,772,
1934439,198,3571,
1934440,198,3572,
1934441,198,4007,
1934442,198,3227,
1934443,198,767,
1934444,198,1569,
1934445,198,3374,
1934446,198,3986,
1934447,198,4001,
1934449,198,1957,
1934450,198,760,
1934451,198,3756,
1934452,198,1170,
1934453,198,1169,
1934454,198,764,
1934455,198,1587,
1934456,198,320,
1934457,198,319,
1934458,198,1584,
1934459,198,863,
1934460,198,4037,
1934461,198,2981,
1934462,198,2607,
1934464,198,3080,
1934465,198,854,
1934466,198,1246,
1934467,198,3590,
1934468,198,1583,
1934469,198,2553,
1934470,198,3843,
1934471,198,3853,
1934472,198,2329,
1934473,198,1669,
1934474,198,859,
1934475,198,853,
1934476,198,1560,
1934477,198,3589,
1934478,198,2349,
1934479,198,2352,
1934480,198,1582,
1934481,198,2815,
1934482,198,3837,
1934483,198,3838,
1934484,198,838,
1934485,198,839,
1934486,198,851,
1934487,198,852,
1934488,198,762,
1934489,198,763,
1934490,198,3996,
1934491,198,3997,
1934492,198,1997,
1934493,198,1998,
1934494,198,3866,
1934495,198,3867,
1934496,198,2729,
1934497,198,3588,
1934498,198,3865,
1934499,198,3740,
1934500,198,866,
1934501,198,771,
1934502,198,755,
1934503,198,756,
1934504,198,773,
1934505,198,774,
1934506,198,1947,
1934507,198,775,
1934508,198,1571,
1934509,198,3222,
1934510,198,3221,
1934511,198,835,
1934512,198,1567,
1934513,198,1579,
1934514,198,3181,
1934516,198,1574,
1934518,198,1577,
1934519,198,1576,
1934520,198,1581,
1934521,198,1578,
1934522,198,3178,
1934523,198,2838,
1934524,198,848,
1934525,198,845,
1934526,198,844,
1934527,198,846,
1934528,198,2848,
1934529,198,1580,
1934530,198,847,
1934532,198,3956,
1934533,198,4019,
1934534,198,4031,
1934535,198,4032,
1934536,198,4033,
1934537,198,3893,
1934538,198,3904,
1934539,198,3667,
1934540,198,3907,
1934541,198,1589,
1934542,198,1590,
1934543,198,843,
1934545,198,840,
1934546,198,841,
1934547,198,3355,
1934548,198,3367,
1934549,198,861,
1934550,198,3369,
1934551,198,1668,
1934552,198,3880,
1934553,198,3882,
1934554,198,3881,
1934555,320,3514,
1934556,320,2680,
1934557,320,2681,
1934558,320,2706,
1934559,320,3519,
1934560,320,3520,
1934561,320,3017,
1934562,320,2704,
1934563,320,2703,
1934564,320,2683,
1934565,320,3725,
1934566,320,3986,
1934567,320,3987,
1934568,320,2700,
1934569,320,2701,
1934570,320,2702,
1934571,320,2686,
1934572,320,2685,
1934573,320,2832,
1934574,320,2682,
1934575,320,2684,
1934576,320,2707,
1934577,320,2708,
1934578,320,2709,
1934579,320,2710,
1934580,320,2712,
1934581,320,2711,
1934582,320,2697,
1934583,320,2698,
1934584,320,2696,
1934585,320,2705,
1934586,320,2699,
1934587,320,4031,
1934588,320,4032,
1934589,320,4033,
1934681,271,1386,
1934682,271,1387,
1934683,271,1394,
1934684,271,1389,
1934685,271,1395,
1934686,271,1396,
1934687,271,1399,
1934688,271,1398,
1934689,271,1419,
1934690,271,1388,
1934691,271,1400,
1934692,271,1397,
1934694,271,1441,
1934696,271,1420,
1934697,271,1453,
1934698,271,1548,
1934699,271,2934,
1934700,271,1385,
1934701,271,1440,
1934702,271,1439,
1934703,271,4003,
1934704,271,3082,
1934705,271,3083,
1934706,271,458,
1934707,271,3096,
1934708,271,1452,
1934709,271,945,
1934710,271,1232,
1934711,271,3891,
1934712,271,359,
1934713,271,3233,
1934714,271,360,
1934715,271,1391,
1934716,271,1430,
1934717,271,1431,
1934718,271,1432,
1934719,271,3296,
1934720,271,3796,
1934721,271,1350,
1934722,271,2559,
1934723,271,303,
1934724,271,308,
1934725,271,302,
1934726,271,3638,
1934727,271,1392,
1934728,271,1422,
1934729,271,1421,
1934730,271,1797,
1934731,271,1796,
1934732,271,1423,
1934733,271,144,
1934734,271,3503,
1934735,271,1424,
1934736,271,2183,
1934737,271,934,
1934738,271,1410,
1934739,271,1551,
1934740,271,1550,
1934741,271,1438,
1934742,271,1539,
1934743,271,3733,
1934744,271,133,
1934745,271,236,
1934746,271,1425,
1934747,271,1426,
1934748,271,1428,
1934749,271,1427,
1934750,271,1429,
1934751,271,2925,
1934752,271,1433,
1934753,271,1436,
1934754,271,1435,
1934755,271,1434,
1934756,271,1437,
1934757,271,995,
1934758,271,1540,
1934759,271,1541,
1934760,271,1542,
1934761,271,1543,
1934762,271,1544,
1934763,262,3993,
1934764,262,3697,
1934765,262,1176,
1934766,262,3792,
1934767,262,1118,
1934768,262,2718,
1934769,262,1180,
1934770,262,1178,
1934771,262,1177,
1934772,262,1179,
1934773,262,1206,
1934774,262,3204,
1934775,262,3977,
1934776,262,3231,
1934777,262,3214,
1934778,262,1192,
1934779,262,3567,
1934780,262,1195,
1934781,262,1197,
1934782,262,3613,
1934783,262,1198,
1934784,262,3577,
1934785,262,3716,
1934786,262,1196,
1934788,262,3763,
1934789,262,1224,
1934790,262,1223,
1934791,262,3758,
1934792,262,1193,
1934793,262,3987,
1934795,262,1233,
1934796,262,2935,
1934797,262,3986,
1934798,262,854,
1934799,262,1190,
1934800,262,1187,
1934801,262,1243,
1934802,262,3846,
1934803,262,1227,
1934804,262,2365,
1934805,262,2355,
1934806,262,1244,
1934807,262,1229,
1934808,262,1228,
1934809,262,858,
1934810,262,1245,
1934811,262,2602,
1934812,262,2808,
1934813,262,1201,
1934814,262,1203,
1934815,262,1204,
1934816,262,1205,
1934817,262,1194,
1934818,262,1202,
1934819,262,1212,
1934820,262,1213,
1934821,262,1211,
1934822,262,3743,
1934823,262,1215,
1934824,262,2725,
1934825,262,1214,
1934826,262,1218,
1934827,262,3868,
1934828,262,3998,
1934829,262,1216,
1934830,262,1219,
1934831,262,1220,
1934832,262,1221,
1934833,262,1222,
1934834,262,4044,
1934835,262,4035,
1934836,262,3952,
1934837,262,1755,
1934838,262,1182,
1934839,262,1181,
1934840,262,2840,
1934841,262,1186,
1934842,262,3895,
1934843,262,1183,
1934844,262,1184,
1934845,262,1185,
1934846,262,1199,
1934847,262,3669,
1934848,262,3184,
1934849,262,1200,
1934850,262,4031,
1934851,262,4032,
1934852,262,4033,
1934853,262,3907,
1934854,262,1209,
1934855,262,1208,
1934856,262,3363,
1934857,262,1225,
1934858,262,1226,
1934859,262,3368,
1934860,262,3367,
1934861,262,3365,
1934862,262,3369,
1934863,262,3880,
1934864,262,3882,
1934865,262,3881,
1934874,248,3978,
1934875,248,4011,
1934876,248,3994,
1934877,248,3698,
1934878,248,3566,
1934879,248,3215,
1934880,248,1079,
1934881,248,3987,
1934882,248,1040,
1934883,248,1041,
1934884,248,1039,
1934885,248,1098,
1934886,248,1042,
1934887,248,1044,
1934889,248,2314,
1934890,248,1729,
1934891,248,1730,
1934892,248,1080,
1934893,248,3759,
1934894,248,1957,
1934895,248,2973,
1934896,248,1083,
1934897,248,3614,
1934898,248,2788,
1934899,248,2836,
1934900,248,1101,
1934901,248,2972,
1934902,248,2715,
1934903,248,2241,
1934904,248,3232,
1934905,248,3716,
1934906,248,3725,
1934907,248,1043,
1934908,248,3768,
1934909,248,3490,
1934910,248,3576,
1934911,248,4006,
1934912,248,1078,
1934913,248,2884,
1934914,248,3986,
1934915,248,3205,
1934916,248,1058,
1934917,248,1057,
1934918,248,3591,
1934919,248,1090,
1934920,248,1089,
1934921,248,1088,
1934922,248,1095,
1934923,248,1077,
1934924,248,1100,
1934925,248,1099,
1934926,248,3656,
1934927,248,3809,
1934928,248,1092,
1934929,248,1094,
1934930,248,1096,
1934931,248,1093,
1934932,248,1091,
1934933,248,866,
1934934,248,3835,
1934935,248,1068,
1934936,248,1069,
1934937,248,1070,
1934938,248,1081,
1934939,248,4100,
1934940,248,2967,
1934941,248,3744,
1934942,248,2726,
1934943,248,1074,
1934944,248,1075,
1934945,248,3999,
1934946,248,3869,
1934947,248,1071,
1934948,248,1072,
1934949,248,1073,
1934950,248,1076,
1934951,248,1084,
1934952,248,1116,
1934953,248,2242,
1934954,248,2809,
1934955,248,1097,
1934956,248,858,
1934957,248,1048,
1934958,248,1046,
1934959,248,1049,
1934960,248,3849,
1934961,248,2552,
1934962,248,1808,
1934963,248,1050,
1934964,248,2356,
1934965,248,1248,
1934966,248,2604,
1934967,248,992,
1934968,248,2842,
1934969,248,993,
1934970,248,4021,
1934971,248,3185,
1934973,248,1056,
1934974,248,3897,
1934975,248,1052,
1934976,248,1053,
1934977,248,994,
1934978,248,1055,
1934979,248,4031,
1934980,248,4032,
1934981,248,4033,
1934982,248,3907,
1934983,248,3670,
1934984,248,3954,
1934985,248,1051,
1934986,248,2804,
1934987,248,1085,
1934988,248,3368,
1934989,248,3367,
1934990,248,3371,
1934991,248,3369,
1934992,265,4002,
1934993,265,1284,
1934994,265,1957,
1934995,265,3761,
1934996,265,4012,
1934997,265,3979,
1934998,265,3579,
1934999,265,1299,
1935000,265,1298,
1935001,265,2309,
1935002,265,1293,
1935003,265,1290,
1935004,265,3724,
1935005,265,3725,
1935006,265,1306,
1935007,265,1307,
1935008,265,3995,
1935009,265,1238,
1935010,265,3218,
1935011,265,1263,
1935012,265,2772,
1935013,265,2307,
1935014,265,1315,
1935015,265,1316,
1935016,265,3618,
1935017,265,1295,
1935018,265,1289,
1935019,265,3987,
1935020,265,1291,
1935021,265,3569,
1935022,265,1305,
1935023,265,1239,
1935024,265,1302,
1935025,265,1240,
1935026,265,1304,
1935027,265,1303,
1935028,265,2787,
1935029,265,1236,
1935030,265,1237,
1935031,265,1311,
1935032,265,3228,
1935033,265,3229,
1935034,265,1234,
1935035,265,1235,
1935036,265,1310,
1935037,265,1312,
1935038,265,1241,
1935039,265,2722,
1935040,265,3701,
1935041,265,3986,
1935043,265,1262,
1935044,265,1261,
1935045,265,3950,
1935046,265,3206,
1935047,265,3594,
1935048,265,2308,
1935049,265,1324,
1935050,265,1326,
1935051,265,1369,
1935052,265,1328,
1935053,265,1327,
1935054,265,1332,
1935055,265,1313,
1935056,265,1314,
1935057,265,1329,
1935058,265,1330,
1935059,265,1285,
1935060,265,1288,
1935061,265,1292,
1935062,265,1270,
1935063,265,1271,
1935064,265,1272,
1935065,265,3834,
1935066,265,3750,
1935067,265,1591,
1935068,265,1557,
1935069,265,3304,
1935070,265,2728,
1935071,265,4000,
1935072,265,3871,
1935073,265,1265,
1935074,265,1264,
1935075,265,1274,
1935076,265,1276,
1935077,265,1267,
1935078,265,1283,
1935079,265,1275,
1935080,265,1278,
1935081,265,1277,
1935082,265,1279,
1935083,265,1280,
1935084,265,1281,
1935085,265,989,
1935086,265,975,
1935087,265,1800,
1935088,265,3682,
1935089,265,3681,
1935090,265,2351,
1935091,265,1282,
1935092,265,2812,
1935093,265,3851,
1935094,265,1321,
1935095,265,1320,
1935096,265,858,
1935097,265,2335,
1935098,265,1322,
1935099,265,1323,
1935100,265,1334,
1935101,265,2605,
1935102,265,854,
1935103,265,1318,
1935104,265,1319,
1935105,265,3189,
1935106,265,1242,
1935107,265,3180,
1935108,265,2847,
1935109,265,1257,
1935110,265,3903,
1935111,265,1253,
1935112,265,1258,
1935113,265,4025,
1935114,265,1252,
1935116,265,3955,
1935117,265,1251,
1935118,265,1254,
1935119,265,1256,
1935120,265,3673,
1935121,265,1287,
1935122,265,1250,
1935123,265,1259,
1935124,265,3907,
1935125,265,4031,
1935126,265,4032,
1935127,265,4033,
1935128,265,3368,
1935129,265,3367,
1935130,265,3369,
1935131,265,3372,
1935132,265,3880,
1935133,265,3882,
1935134,265,3881,
1935135,304,3729,
1935136,304,3725,
1935137,304,4017,
1935138,304,2031,
1935139,304,3235,
1935140,304,3706,
1935141,304,2024,
1935142,304,2025,
1935143,304,3783,
1935144,304,2028,
1935145,304,2030,
1935146,304,2029,
1935147,304,2026,
1935148,304,2422,
1935149,304,2689,
1935150,304,2786,
1935151,304,3987,
1935152,304,3621,
1935153,304,2093,
1935154,304,2071,
1935155,304,2074,
1935156,304,2087,
1935157,304,2088,
1935158,304,3207,
1935159,304,2072,
1935160,304,2027,
1935161,304,2767,
1935162,304,2691,
1935163,304,2073,
1935164,304,2079,
1935165,304,2075,
1935166,304,3986,
1935167,304,2032,
1935168,304,2035,
1935169,304,2033,
1935170,304,2092,
1935171,304,2690,
1935172,304,2034,
1935173,304,2036,
1935174,304,3863,
1935175,304,2085,
1935176,304,858,
1935177,304,2089,
1935178,304,2090,
1935179,304,2361,
1935180,304,3285,
1935181,304,2094,
1935182,304,2366,
1935183,304,2835,
1935184,304,2076,
1935185,304,2077,
1935186,304,2078,
1935187,304,2086,
1935188,304,3094,
1935189,304,2974,
1935190,304,3754,
1935191,304,2056,
1935192,304,2057,
1935193,304,2058,
1935194,304,2059,
1935195,304,2060,
1935196,304,2061,
1935197,304,2062,
1935198,304,3545,
1935199,304,3093,
1935200,304,2063,
1935201,304,2065,
1935202,304,2064,
1935203,304,2070,
1935204,304,2095,
1935205,304,2083,
1935206,304,854,
1935207,304,2069,
1935208,304,2066,
1935209,304,2068,
1935210,304,2067,
1935211,304,2043,
1935212,304,2044,
1935213,304,3192,
1935214,304,2047,
1935215,304,2850,
1935216,304,3908,
1935217,304,2504,
1935218,304,2049,
1935219,304,2040,
1935220,304,2045,
1935221,304,4029,
1935222,304,2048,
1935223,304,2039,
1935224,304,2046,
1935225,304,2038,
1935227,304,2052,
1935228,304,2041,
1935229,304,2053,
1935230,304,2042,
1935231,304,2050,
1935232,304,2054,
1935233,304,3956,
1935234,304,3907,
1935235,304,4031,
1935236,304,4032,
1935237,304,4033,
1935238,304,2091,
1935239,304,2055,
1935240,304,2082,
1935241,304,2080,
1935242,304,2084,
1935243,304,2081,
1935244,304,2100,
1935245,304,3368,
1935246,304,3367,
1935247,304,3880,
1935248,304,3882,
1935249,304,3881,
1935296,387,4057,
1935297,387,3769,
1935298,387,526,
1935299,387,3775,
1935300,387,3151,
1935301,387,2938,
1935302,387,2745,
1935303,387,3500,
1935304,387,383,
1935305,387,527,
1935306,387,2898,
1935307,387,2900,
1935308,387,2899,
1935309,387,4068,
1935310,387,2752,
1935311,387,2748,
1935312,387,2749,
1935313,387,2750,
1935314,387,3902,
1935315,387,3907,
1935316,387,2751,
1935317,387,2753,
1935318,387,2755,
1935319,387,2754,
1935320,387,2909,
1935321,387,2908,
1935322,387,2913,
1935323,387,2911,
1935324,387,2910,
1935325,387,3847,
1935326,387,3854,
1935327,387,2742,
1935328,387,2741,
1935329,387,2192,
1935330,387,3348,
1935331,387,3368,
1935332,387,3367,
1935333,387,3365,
1935334,387,3369,
1935335,387,3353,
1935336,387,3880,
1935337,387,3882,
1935338,387,3881,
1935339,387,111,
1935343,277,3705,
1935344,277,3224,
1935345,277,1594,
1935346,277,1593,
1935347,277,3728,
1935348,277,3725,
1935349,277,1692,
1935350,277,1597,
1935351,277,1697,
1935352,277,1868,
1935353,277,1696,
1935354,277,2769,
1935355,277,1691,
1935356,277,1693,
1935357,277,1690,
1935358,277,1689,
1935359,277,1595,
1935360,277,1598,
1935361,277,1717,
1935362,277,1720,
1935363,277,850,
1935364,277,1695,
1935365,277,3987,
1935366,277,3986,
1935367,277,866,
1935368,277,3753,
1935369,277,1705,
1935370,277,1706,
1935371,277,1707,
1935372,277,1708,
1935373,277,1709,
1935374,277,1710,
1935375,277,1711,
1935376,277,1712,
1935377,277,2814,
1935378,277,1724,
1935379,277,1718,
1935380,277,3862,
1935381,277,2557,
1935382,277,1795,
1935383,277,2363,
1935384,277,2360,
1935385,277,1722,
1935386,277,1723,
1935387,277,858,
1935388,277,1725,
1935389,277,1721,
1935390,277,854,
1935391,277,1713,
1935392,277,1716,
1935393,277,1714,
1935394,277,1715,
1935395,277,3911,
1935396,277,3906,
1935397,277,3907,
1935398,277,4036,
1935399,277,4028,
1935400,277,4031,
1935401,277,4032,
1935402,277,4033,
1935403,277,3956,
1935404,277,1616,
1935405,277,1754,
1935406,277,3193,
1935407,277,2852,
1935408,277,1614,
1935409,277,1606,
1935410,277,1604,
1935411,277,1601,
1935412,277,3789,
1935413,277,1607,
1935414,277,3674,
1935415,277,1603,
1935416,277,1608,
1935417,277,1618,
1935419,277,1617,
1935420,277,1602,
1935421,277,1610,
1935422,277,1609,
1935423,277,1611,
1935424,277,1612,
1935425,277,1613,
1935426,277,1615,
1935427,277,3194,
1935428,277,1526,
1935430,277,1688,
1935431,277,1686,
1935432,277,1684,
1935433,277,3368,
1935434,277,3367,
1935435,277,3365,
1935436,277,3369,
1935437,277,3880,
1935438,277,3882,
1935439,277,3881,
1935445,399,1529,
1935446,399,3768,
1935447,399,3987,
1935448,399,3986,
1935449,399,2554,
1935450,399,2552,
1935451,399,2553,
1935452,399,2557,
1935453,399,1583,
1935454,399,3119,
1935474,400,4127,
1935475,400,4128,
1935476,400,4129,
1935477,400,4132,
1935478,400,4130,
