16
20
21
26
33
37
38
40
41
91
92
93
94
95
96
97
98
100
101
102
103
104
105
106
107
108
109
110
111
112
113
114
115
116
124
142
146
147
149
151
153
154
155
156
159
160
161
162
192
204
207
208
209
210
211
212
213
214
215
216
217
218
219
221
222
223
224
225
226
227
228
229
230
231
232
233
235
236
237
238
239
240
241
242
243
259
260
261
262
263
264
265
266
267
268
269
270
276
278
295
296
298
299
302
303
308
317
318
319
320
321
322
324
325
328
340
342
343
349
351
355
356
357
358
360
361
371
381
387
403
409
412
417
421
422
428
433
434
435
437
442
443
444
445
446
448
449
450
451
452
453
454
455
458
465
468
469
476
477
478
479
480
481
482
483
488
490
491
493
496
497
498
504
505
513
516
517
528
561
562
579
580
581
582
583
584
585
588
589
590
591
592
593
594
595
596
597
598
599
600
601
602
603
604
607
608
609
610
611
612
613
615
616
617
618
619
620
621
628
634
636
639
640
641
642
643
644
645
646
647
657
658
663
664
667
668
681
694
700
716
731
754
870
898
946
979
992
996
1021
1046
1056
1059
1060
1080
1108
1115
1124
1125
1140
1163
1198
1207
1242
1257
1268
1284
1305
1316
1334
1347
1348
1349
1350
1351
1356
1357
1373
1393
1402
1403
1405
1439
1440
1450
1461
1513
1559
1568
1604
1610
1620
1622
1640
1667
1671
1678
1712
1721
1726
1728
1735
1736
1737
1738
1739
1740
1741
1760
1772
1773
1804
1805
1812
1823
1842
1848
1870
1871
1908
1909
1910
1911
1912
1914
1915
1916
1953
1954
1955
1981
2013
2014
2023
2030
2039
2041
2053
2091
2114
2115
2116
2117
2118
2119
2125
2132
2133
2134
2135
2162
2165
2167
2188
2194
2195
2197
2198
2199
2200
2212
2217
2235
2241
2242
2259
2261
2262
2263
2264
2282
2290
2295
2324
2390
2474
2544
2545
2546
2547
2559
2563
2577
2601
2602
2611
2623
2626
2633
2651
2652
2690
2692
2697
2698
2742
2764
2786
2787
2789
2791
2794
2807
2808
2809
2810
2811
2812
2813
2814
2815
2816
2827
2831
2854
2855
2856
2857
2858
2860
2874
2875
2931
2947
2968
2976
3031
3032
3033
3038
3039
3046
3047
3048
3057
3058
3059
3060
3062
3099
3138
3139
3140
3143
3145
3146
3150
3162
3163
3164
3165
3166
3167
3168
3172
3173
3174
3176
3267
3377
3380
3391
3401
3405
3408
3412
3424
3442
3482
3483
3544
3557
3565
3587
3605
3609
3625
3626
3647
3648
3649
3650
3651
3652
3653
3691
3767
3775
3786
